VMSTAT OUTPUT:

procs     memory       page                      disks     faults       cpu
r b w     avm     fre  flt  re  pi  po    fr   sr ad0 pa0   in   sy   cs us sy id
 0  0  0  309456 1744200   335   0   3   0   460    5   0   0   12   315   142  0  6 94
 0  0  0  309456 1744196     1   0   0   0     4    5   0   0    1    30    85  0  1 99
 0  0  0  309456 1744196     0   0   0   0     4    5  19   0   15    31   128  0  3 97
 1  0  0 2483292 1679916  5697   0   1   0   304   13  10   0   17  1285   285  0 94  5
 2  0  0 2483292 1637348  5321   0   0   0    32   28   0   0    3    51   271  0 100 0
 1  0  0 2483292 1595468  5173   0   0   0    30   45   0   0    6    73   284  0 100 0
 1  0  0 2483292 1554568  5113   0   0   0    30   63   0   0    3    48   271  0 100 0
 1  0  0 2483292 1513024  5193   0   0   0    30   80   0   0    2    46   269  0 100 0
 1  0  0 2483292 1470464  5258   0   0   0    32  102   0   0    3    54   274  0 100 0
 1  0  0 2483292 1430044  5053   0   0   0    30  115   1   0    3    44   272  0 100 0
 1  0  0 2483292 1388168  5235   0   0   0    30  132   0   0    4    54   274  0 100 0
 1  0  0 2483292 1346760  5114   0   0   0    34  149   0   0    2    44   268  0 100 0
 1  0  0 2483292 1305568  5149   0   0   0    30  166   0   0    2    47   266  0 100 0
 1  0  0 2483292 1265332  5030   0   0   0    30  184   0   0    3    54   272  0 100 0
 1  0  0 2483292 1222564  5284   0   0   0    30  200   0   0    2    43   267  0 100 0
 1  0  0 2483292 1180952  5202   0   0   0    32  217   0   0    3    57   273  0 100 0
 1  0  0 2483292 1139748  5151   0   0   0    30  247   0   0    3    44   267  0 100 0
 2  0  0 2483292 1098764  5061   0   0   0    34  253  17   0   18    46   312  0 100 0
 1  0  0 2483292 1058400  5046   0   0   0    29  269   0   0    4    57   275  0 100 0
 1  0  0 2483292 1020776  4641   0   0   0    31  285   0   0    2    50   270  0 100 0
procs     memory       page                      disks     faults       cpu
r b w     avm     fre  flt  re  pi  po    fr   sr ad0 pa0   in   sy   cs us sy id
 1  0  0 2483292  981204  4947   0   0   0    30  301   0   0    3    54   272  0 100 0
 1  0  0 2483292  940404  5100   0   0   0    30  317   0   0    2    44   270  0 100 0
 1  0  0 2483292  900824  4886   0   0   0    29  351   0   0    3    54   272  0 100 0
 1  0  0 2483292  860664  5020   0   0   0    29  351   0   0    2    46   270  0 100 0
 1  0  0 2483292  818672  5249   0   0   0    32  368   0   0    2    44   267  0 100 0
 1  0  0 2483292  778380  4975   0   0   0    29  385   1   0    4    55   278  0 100 0
 1  0  0 2483292  738128  5032   0   0   0    30  402   0   0    2    43   267  0 100 0
 1  0  0 2483292  698600  4942   0   0   0    29  418   0   0    3    54   273  0 100 0
 1  0  0 2483292  658024  5010   0   0   0    34  457   0   0    2    47   270  0 100 0
 1  0  0 2483292  616776  5156   0   0   0    30  453   0   0    2    43   270  0 100 0
 1  0  0 2483292  576768  5002   0   0   0    30  469   0   0    3    57   271  0 100 0
 1  0  0 2483292  535816  5057   0   0   0    29  486   0   0    2    44   268  1 99  0
 1  0  0 2483292  496092  4966   0   0   0    30  503   2   0    5    53   278  0 100 0
 1  0  0 2483292  457184  4864   0   0   0    29  518   0   0    2    47   270  0 100 0
 1  0  0 2483292  415196  5186   0   0   0    30  562   0   0    2    44   267  0 100 0
 1  0  0 2483292  373716  5190   0   0   0    15  553   0   0    3    54   271  0 100 0
 1  0  0 2483292  332112  5121   0   0   0     0  570   0   0    2    44   268  0 100 0
 1  0  0 2483292  291264  5095   0   0   0     0  586   0   0    3    54   273  0 100 0
 1  0  0 2483292  249596  5111   0   0   0     0  605   0   0    2    46   267  0 100 0
 1  0  0 2483292  210804  4808   0   0   0     0  620   0   0    2    44   268  0 100 0
procs     memory       page                      disks     faults       cpu
r b w     avm     fre  flt  re  pi  po    fr   sr ad0 pa0   in   sy   cs us sy id
 1  0  0 2483292  170424  5013   0   0   0     0  669   1   0    4    55   278  0 100 0
 1  0  0 2483292  128940  5172   0   0   0     0  655   0   0    2    43   268  0 100 0
 1  0  0 2483292   89800  4807   0   0   0     4 814161   0   0    4    54   270  0 100 0
 1  0  0 2483292   46156  5412   0   0   0     0  638   0   0    2    47   270  0 100 0
 1  0  4 2483292   41036  3202 383   0 237  2770 270768 235   0  204    49   837  0 100 0
 1  0  4 2483292   40988  4202   0   0 152  4196 12352 151   0  137    57   658  0 100 0
 1  0  4 2483292   41680  5091   0   0 193  5220 14775 190   0  167    46   765  0 100 0
 1  0  4 2483292   40452  5120   0   0 220  5026 14950 215   0  198    52   825  0 100 0
 1  0  4 2483292   41024  4839   0   0 161  4962 14670 161   0  149    47   668  0 100 0
 1  0  3 2483292   40328  5223   0   0 178  5109 15151 176   0  167    55   720  0 100 0
 1  0  4 2483292   43084  4946   0   0 168  5281 14849 166   0  157    53   695  0 100 0
 1  0  4 2483292   41560  5087   0   0 174  4957 14791 173   0  158    46   704  0 100 0
 1  0  4 2483292   41136  5203   0   0 178  5233 15327 175   0  165    53   716  0 100 0
 1  0  4 2483292   51568  4632   0   0 195  5987 16990 195   0  175    46   753  0 100 0
 1  0  4 2483292   67116  4160   0   0 223  6153 18586 220   0  185    45   794  0 100 0
 0  0  3  309456 1737852  4181   0   2 146 213408 12004 144   0  166   404   757  0 87 13
 0  0  3  309456 1737852     0   0   0   0     0    5   1   0    1    29    95  0  0 100
 0  0  3  309456 1737852     1   0   0   0     0    5   0   0    1    37    94  0  0 100
 0  0  3  309456 1737852     0   0   0   0     0    5   0   0    0    31    91  0  0 100

DTRACE OUTPUT:

CPU     ID                    FUNCTION:NAME
  0      1                           :BEGIN Program Start
  0      2                             :END Program End


           value  ------------- Distribution ------------- count    
           16384 |                                         0        
           32768 |@@@@@@@@@                                115960   
           65536 |@@@@@@@@@                                120733   
          131072 |@                                        12834    
          262144 |                                         2061     
          524288 |                                         201      
         1048576 |                                         23       
         2097152 |                                         4        
         4194304 |                                         3        
         8388608 |                                         3        
        16777216 |                                         5        
        33554432 |                                         1        
        67108864 |                                         2        
       134217728 |                                         1        
       268435456 |                                         0        
       536870912 |                                         0        
      1073741824 |                                         0        
      2147483648 |                                         0        
      4294967296 |                                         0        
      8589934592 |                                         0        
     17179869184 |                                         0        
     34359738368 |                                         0        
     68719476736 |                                         0        
    137438953472 |                                         0        
    274877906944 |@@                                       23843    
    549755813888 |@@@@@@@@@@@@@@@@@@@                      248614   
   1099511627776 |                                         0        

